-1993.10 -1848.20 -1949.30 -2017.40 -1895.90 -1792.60 -1876.50 -1913.10 -2222.50 -1944.60
0.00 0.00 0.00 0.00 0.00 0.00 0.00 0.00 0.00 0.00
0.00 0.00 0.00 0.00 0.00 0.00 0.00 0.00 0.00 0.00
-13.32 -9.44 -24.43 -26.28 -9.56 14.68 -8.82 -14.06 -22.46 -14.59
-27.17 -78.99 -46.86 -49.82 -35.21 -17.85 -19.26 91.81 -51.99 -63.98
-40.31 -113.66 -42.57 -94.26 -38.33 -63.28 -55.20 131.49 -73.08 -125.74
-127.69 -170.34 -119.75 -134.48 -54.98 -166.76 -116.55 7.72 -72.54 -259.77
-223.58 -293.59 -223.87 -202.01 -272.92 -320.72 -306.43 -206.44 -230.32 -280.05
-443.05 -461.89 -470.53 -421.37 -515.52 -488.78 -468.01 -592.52 -403.36 -243.38
-550.22 -478.85 -532.12 -552.64 -632.89 -533.48 -547.59 -649.15 -506.37 -394.97
-571.63 -494.59 -496.23 -535.82 -643.36 -596.63 -531.48 -571.32 -551.08 -429.96
-489.21 -445.56 -506.72 -490.54 -410.19 -496.42 -507.91 -457.24 -492.96 -531.66
-266.82 -161.61 -302.87 -310.13 -206.86 -161.79 -236.47 -175.86 -302.79 -273.48
-139.10 -40.30 -124.56 -175.13 -34.99 78.91 -150.66 -105.29 -116.52 -92.90
-5.90 -3.90 -3.60 -7.60 -0.60 7.10 -7.00 -2.90 -5.30 -9.60
-0.62 -1.67 -5.52 -12.40 -1.92 -1.67 -0.62 12.40 -2.60 -12.40
-3.90 -13.22 -6.05 -24.01 7.24 -3.48 -3.88 18.92 -5.70 -8.10
-60.94 -95.44 -44.41 -80.88 -51.91 -37.02 -61.16 64.40 -113.70 -95.15
-201.73 -258.99 -199.28 -186.45 -200.71 -118.02 -195.73 17.00 -174.28 -302.44
-459.72 -600.67 -456.09 -410.42 -388.33 -418.43 -545.32 -261.62 -438.29 -645.46
-754.30 -920.18 -768.94 -719.69 -739.57 -742.66 -791.26 -504.98 -794.71 -791.41
-1012.17 -1177.14 -991.52 -953.80 -1096.14 -1051.18 -1079.73 -844.41 -963.40 -884.12
-1175.98 -1310.87 -1154.07 -1151.57 -1390.10 -1230.18 -1216.20 -1055.88 -1079.17 -948.32
-1261.03 -1373.16 -1309.21 -1317.44 -1523.79 -1344.99 -1314.71 -1179.74 -1225.90 -1029.95
-1319.74 -1340.05 -1349.44 -1359.95 -1493.97 -1296.82 -1386.94 -1210.43 -1253.27 -1159.41
-1076.79 -1099.25 -1128.04 -1092.79 -994.71 -1029.45 -1078.65 -863.84 -1161.67 -1139.17
-737.38 -644.19 -768.43 -679.28 -612.12 -553.57 -746.81 -588.05 -791.93 -769.26
-294.40 -199.62 -264.40 -185.37 -183.08 21.15 -301.96 -232.55 -304.37 -258.70
-48.02 -30.10 -39.82 -69.07 -42.30 75.88 -45.76 -16.77 -41.75 -56.09
-12.48 -13.53 -3.86 15.94 -4.88 -12.71 -2.14 -5.71 -5.92 -11.68
-40.51 -29.74 7.60 -25.73 -16.64 -36.49 -49.45 -20.47 -37.83 -39.14
-131.29 -142.35 -105.53 -164.50 -146.36 -131.40 -156.05 -91.94 -71.87 -150.26
-360.28 -394.59 -356.52 -327.79 -373.96 -284.42 -391.40 -205.72 -296.42 -465.57
-743.97 -865.90 -704.38 -718.35 -738.33 -735.89 -837.98 -620.44 -770.50 -724.34
-894.09 -1086.30 -893.20 -906.57 -956.57 -934.67 -961.03 -868.28 -894.44 -816.24
-848.50 -981.73 -877.17 -886.55 -921.45 -823.54 -918.71 -663.34 -760.12 -892.19
-758.95 -761.16 -742.40 -764.68 -905.15 -749.77 -809.95 -616.38 -800.24 -808.79
-722.64 -731.45 -733.25 -743.90 -952.35 -773.34 -890.68 -689.74 -906.87 -886.49
-1032.12 -1118.24 -1140.36 -1178.56 -1172.77 -1158.50 -1248.77 -1115.82 -1088.31 -1128.57
-1048.56 -1121.99 -1106.97 -1077.47 -997.81 -1128.22 -1190.36 -966.09 -1105.33 -1130.98
-628.36 -643.19 -688.52 -481.13 -613.73 -576.21 -654.26 -499.12 -542.82 -600.77
-301.75 -267.75 -298.65 -156.33 -310.55 -127.21 -268.81 -220.09 -156.85 -274.17
-110.91 -67.47 -77.68 -49.06 -71.76 52.72 -66.45 -49.31 -41.38 -77.92
-3.51 -6.11 25.65 -2.89 -22.20 -6.35 -23.65 -4.31 -24.25 -5.92
-29.08 -21.85 8.20 -30.58 -32.55 -22.17 -46.72 -25.36 -22.55 -14.36
-169.62 -180.36 -156.06 -244.23 -215.07 -128.68 -212.77 -127.34 -125.95 -221.67
-478.19 -547.15 -425.78 -623.41 -542.72 -453.11 -583.95 -478.78 -482.73 -406.14
-838.17 -961.75 -765.56 -822.57 -758.08 -757.29 -838.99 -754.82 -848.15 -712.11
-711.47 -844.86 -687.55 -737.71 -658.66 -705.36 -782.11 -655.50 -671.20 -731.09
-542.75 -645.29 -597.42 -686.88 -640.00 -475.45 -537.35 -536.17 -572.72 -515.84
-333.77 -460.79 -454.70 -542.58 -587.89 -307.71 -553.10 -481.45 -666.04 -441.04
-578.40 -590.93 -730.40 -662.64 -754.04 -645.46 -791.90 -584.45 -825.78 -745.22
-1107.62 -1110.58 -1214.82 -1212.26 -1129.66 -1156.49 -1273.18 -1072.94 -1171.52 -1143.88
-890.60 -988.51 -1014.02 -911.34 -1001.24 -981.55 -1143.50 -883.85 -946.55 -945.13
-482.82 -557.74 -553.50 -410.39 -513.07 -535.57 -584.91 -546.38 -387.45 -468.31
-221.07 -256.50 -265.66 -37.48 -283.37 -234.33 -248.84 -205.10 -167.75 -242.86
-61.70 -94.05 -46.20 15.19 -89.55 -57.33 -85.13 -47.57 -53.47 -68.51
-19.80 -19.20 23.10 -3.90 -17.20 -20.10 -7.10 -4.40 -15.70 -6.70
-16.66 -39.99 -5.80 -39.83 -43.72 -35.63 -53.75 -63.93 -44.14 -20.74
-218.02 -222.56 -265.70 -303.47 -265.38 -114.17 -232.73 -257.92 -164.51 -169.08
-537.42 -646.81 -639.71 -753.39 -598.29 -508.17 -567.28 -610.54 -588.10 -347.49
-699.33 -864.36 -763.73 -824.74 -602.03 -670.74 -778.35 -755.10 -702.32 -665.45
-663.87 -697.41 -572.68 -771.08 -592.94 -545.59 -693.63 -735.33 -632.70 -560.67
-539.06 -653.28 -609.36 -673.57 -584.45 -422.53 -574.81 -655.30 -526.11 -456.23
-638.72 -566.76 -670.06 -604.94 -636.28 -571.89 -588.95 -716.04 -564.95 -447.43
-924.82 -738.11 -927.92 -821.83 -871.41 -1134.11 -970.15 -916.15 -1026.57 -864.32
-1002.39 -1110.73 -1101.24 -1001.19 -1005.51 -1356.60 -1231.11 -1092.06 -1094.83 -1097.68
-541.46 -690.66 -693.12 -707.19 -711.43 -812.55 -826.77 -703.03 -670.18 -579.17
-159.46 -325.18 -336.05 -180.73 -272.27 -450.38 -404.32 -314.44 -239.80 -240.26
12.51 -92.97 -59.30 6.94 -79.90 -248.51 -108.14 -86.87 -47.09 -65.09
53.01 -7.58 -6.27 -10.44 -6.60 -58.03 -9.56 -6.18 -7.36 -5.69
-4.05 -4.06 4.35 -0.56 -3.70 -4.35 -1.46 -0.70 -2.84 -1.43
-3.01 -63.60 -59.23 -80.75 8.70 -55.46 -31.81 -69.87 -27.94 -70.95
-227.13 -313.54 -377.35 -363.12 -159.74 -219.04 -233.52 -290.90 -237.93 -248.05
-522.18 -619.65 -701.60 -685.22 -462.72 -467.04 -536.59 -683.97 -514.51 -442.26
-697.77 -762.42 -915.66 -816.60 -604.11 -636.44 -715.29 -835.99 -608.52 -592.24
-637.43 -723.98 -764.27 -734.28 -542.06 -638.09 -677.17 -833.14 -600.80 -592.95
-650.86 -655.87 -766.01 -672.66 -631.67 -585.97 -721.34 -824.39 -685.98 -526.64
-1067.76 -822.46 -989.41 -916.94 -962.91 -999.26 -1043.48 -1061.87 -959.66 -835.97
-1247.75 -1130.37 -1155.19 -1075.37 -1090.25 -1225.23 -1272.84 -1180.19 -1190.97 -1088.68
-908.27 -837.27 -870.45 -789.57 -871.62 -965.02 -981.39 -848.23 -896.89 -784.38
-402.11 -431.18 -436.68 -400.64 -437.73 -517.99 -577.06 -460.57 -460.04 -282.60
-38.50 -190.12 -134.48 -171.48 -121.45 -299.17 -313.44 -193.01 -186.35 -143.76
71.92 -49.17 -30.81 -84.87 -54.54 -156.27 -71.29 -52.46 -11.72 -36.03
45.57 -3.16 -4.98 -11.59 -4.78 -43.39 -7.31 -3.73 -5.36 -4.13
13.93 -7.76 -31.53 -7.02 10.35 -17.24 -0.39 -9.27 -8.44 -8.76
-32.62 -82.38 -146.90 -146.83 14.68 -75.42 -69.21 -148.76 -116.15 -76.47
-134.36 -208.96 -351.74 -336.13 -108.18 -160.85 -203.90 -284.14 -274.89 -225.03
-536.59 -592.06 -639.63 -482.97 -390.08 -490.34 -465.46 -605.40 -575.04 -554.50
-691.28 -784.42 -871.42 -818.34 -638.13 -594.23 -793.01 -811.85 -769.54 -802.40
-895.01 -915.13 -1021.31 -913.16 -860.71 -744.61 -874.61 -1045.17 -802.12 -837.54
-1194.26 -1005.83 -1078.53 -921.32 -1032.26 -962.09 -1129.52 -1154.43 -967.39 -1022.66
-1343.00 -1105.45 -1273.31 -1168.17 -1150.04 -1269.23 -1276.78 -1298.73 -1175.39 -1239.75
-1137.30 -984.41 -1135.88 -977.56 -1011.18 -1036.70 -1117.16 -1127.84 -1014.85 -1032.46
-723.17 -630.14 -575.61 -580.66 -578.83 -613.12 -647.41 -640.33 -773.73 -547.68
-394.96 -367.30 -313.48 -393.88 -290.89 -340.74 -441.01 -321.69 -457.20 -384.26
-96.28 -174.84 -168.31 -176.33 -126.26 -279.50 -215.96 -188.18 -210.10 -202.45
63.45 -43.33 -78.10 -28.60 -48.04 -184.30 -58.51 -60.23 -39.06 -44.67
12.90 -2.81 -9.33 -6.53 -3.12 -10.26 -5.54 -4.08 -4.60 -3.95
-1.74 -25.15 -61.60 -19.09 39.10 -41.50 8.88 -13.49 -26.88 -43.93
0.83 -109.58 -183.36 -139.37 15.78 -149.44 -79.29 -144.41 -153.31 -115.98
-150.75 -213.02 -215.07 -263.95 -94.93 -284.11 -207.83 -214.30 -342.55 -257.26
-384.50 -431.29 -424.26 -439.43 -376.28 -429.56 -385.80 -441.52 -567.63 -463.61
-708.41 -804.72 -693.00 -708.28 -599.77 -674.56 -602.36 -751.36 -629.44 -715.30
-901.94 -876.92 -824.47 -768.18 -813.36 -822.32 -870.76 -954.84 -787.20 -862.18
-1193.16 -1043.63 -1080.36 -1025.65 -1075.78 -1098.78 -1143.80 -1157.30 -959.54 -1164.28
-1175.27 -1029.77 -1186.91 -1080.40 -1098.86 -1150.97 -1146.31 -1131.82 -1151.48 -1107.87
-883.22 -697.65 -866.53 -728.32 -748.82 -839.45 -805.07 -859.54 -779.27 -753.29
-573.23 -519.12 -523.05 -492.95 -456.33 -522.47 -476.35 -564.64 -637.69 -506.38
-421.49 -414.27 -420.26 -332.78 -403.70 -392.47 -368.21 -408.87 -526.96 -459.88
-82.09 -175.78 -281.87 -203.57 -168.29 -190.86 -164.29 -182.03 -261.98 -247.43
51.02 -58.16 -148.02 -2.49 -30.83 -168.90 -32.49 -80.23 -52.47 -55.69
-4.87 -4.96 -16.15 16.69 -3.01 -23.26 -5.92 -7.68 -4.91 -6.95
18.51 -45.89 -79.09 -33.48 -21.57 -24.86 -7.71 -39.98 -26.63 -27.10
14.45 -140.01 -110.63 -163.19 -73.71 -233.53 -96.38 -140.93 -151.12 -128.39
-68.05 -170.90 -155.05 -276.46 -95.82 -373.89 -185.35 -193.55 -142.56 -188.92
-269.32 -425.49 -370.94 -549.63 -278.83 -591.56 -279.90 -393.64 -274.30 -422.46
-570.59 -574.58 -577.59 -715.78 -495.72 -770.93 -482.74 -602.47 -470.42 -612.98
-719.55 -688.47 -698.57 -767.83 -686.11 -902.89 -762.27 -737.22 -623.51 -830.68
-1040.30 -873.27 -906.24 -1102.20 -913.07 -1044.56 -1033.12 -987.74 -888.92 -1014.72
-990.34 -873.43 -749.35 -971.01 -779.93 -909.74 -795.31 -869.24 -837.62 -905.22
-789.82 -667.86 -622.53 -672.39 -675.85 -749.60 -562.48 -708.30 -582.84 -613.44
-558.15 -595.04 -564.30 -477.71 -513.31 -565.66 -560.20 -555.41 -553.14 -628.34
-380.23 -439.32 -528.98 -344.42 -420.00 -419.90 -302.20 -451.96 -506.21 -471.61
-154.72 -188.09 -318.27 -174.64 -235.85 -206.12 -131.78 -231.21 -271.83 -268.21
-83.97 -96.70 -158.97 -25.10 -92.90 -127.52 4.26 -85.80 -96.72 -94.03
-34.75 -45.80 -5.55 -49.14 -52.36 -17.55 -41.63 -30.31 -55.91 -40.18
-14.21 -70.73 -54.19 -77.53 -89.03 -24.54 -41.94 -59.95 -67.97 -62.48
-176.78 -300.81 -223.42 -233.65 -291.66 -161.24 -253.87 -240.62 -239.49 -302.56
-275.23 -384.05 -219.36 -433.62 -365.04 -483.11 -364.87 -362.08 -250.96 -429.85
-506.53 -573.88 -415.01 -751.56 -523.21 -725.65 -440.40 -564.12 -347.89 -608.81
-662.47 -617.05 -576.17 -831.96 -629.16 -826.99 -582.87 -624.30 -489.63 -775.34
-878.44 -731.44 -714.35 -974.67 -784.32 -943.33 -796.70 -821.82 -801.14 -879.40
-945.47 -868.25 -789.81 -1001.36 -819.12 -860.26 -752.91 -838.73 -931.70 -832.10
-787.87 -681.12 -608.77 -734.31 -674.66 -640.26 -534.54 -622.76 -689.57 -647.63
-562.71 -659.60 -492.25 -590.67 -544.36 -649.16 -537.42 -592.29 -556.56 -539.18
-502.67 -641.68 -515.59 -441.36 -579.14 -552.77 -539.12 -537.38 -615.01 -652.66
-451.88 -491.04 -365.41 -290.16 -515.46 -473.33 -390.38 -476.86 -555.79 -501.08
-228.90 -208.95 -151.11 -172.14 -323.13 -196.22 -234.90 -235.83 -271.15 -251.83
-112.07 -117.98 -66.58 -29.38 -143.48 -106.78 -44.89 -117.50 -167.77 -95.04
-41.29 -39.79 -4.00 -30.72 -16.52 -5.86 0.53 -29.35 -26.02 -16.61
-119.39 -117.84 -91.69 -66.42 -133.44 14.39 -146.21 -99.99 -120.48 -110.93
-355.74 -409.75 -278.88 -264.42 -431.91 -207.40 -350.30 -345.19 -301.71 -408.53
-605.46 -689.88 -503.98 -588.25 -671.77 -462.76 -603.41 -617.39 -520.30 -682.62
-715.55 -821.90 -755.99 -842.17 -848.57 -590.57 -652.09 -718.40 -695.26 -901.21
-832.06 -799.42 -781.81 -894.44 -921.05 -678.11 -694.59 -792.31 -833.09 -867.15
-941.75 -799.65 -818.39 -920.65 -892.24 -836.21 -727.90 -852.33 -1048.46 -795.17
-797.64 -716.30 -658.87 -763.22 -751.47 -767.75 -538.82 -743.43 -718.47 -749.30
-589.27 -651.60 -489.18 -603.05 -586.94 -654.94 -561.66 -642.46 -628.17 -626.16
-498.23 -597.16 -486.44 -509.60 -556.27 -570.67 -592.40 -563.56 -563.44 -654.26
-521.77 -600.27 -409.45 -438.11 -534.71 -517.42 -419.91 -505.58 -532.68 -599.22
-421.53 -402.63 -325.56 -273.80 -423.49 -386.79 -291.76 -375.46 -376.13 -397.36
-303.81 -214.80 -189.10 -239.09 -293.08 -139.74 -209.44 -262.29 -220.71 -246.04
-106.04 -116.18 21.34 -121.00 -138.14 -93.16 -117.26 -115.75 -164.05 -111.59
-40.23 -36.91 80.24 -51.39 -44.60 -57.06 -44.27 -29.93 -70.97 -34.90
-63.52 -56.61 -48.95 -92.05 -106.56 -54.39 -70.18 -83.16 -13.93 -68.65
-374.89 -340.51 -239.28 -341.39 -409.57 -207.43 -378.45 -396.86 -259.80 -417.13
-683.81 -730.29 -580.32 -645.10 -759.50 -684.76 -686.75 -774.44 -765.86 -777.66
-971.30 -921.72 -924.09 -882.04 -1069.50 -966.00 -887.95 -1011.63 -980.46 -1027.75
-1014.52 -1009.44 -1023.60 -961.69 -1050.79 -1012.78 -910.52 -1038.77 -1109.49 -1056.25
-929.10 -862.60 -914.57 -917.11 -910.78 -864.64 -833.81 -933.94 -1002.53 -1012.59
-797.64 -779.71 -812.97 -883.52 -853.28 -741.87 -795.50 -870.61 -797.26 -894.46
-698.76 -722.58 -586.69 -711.77 -683.87 -685.18 -682.30 -791.41 -747.19 -824.97
-709.48 -688.33 -484.86 -716.86 -660.11 -550.66 -574.75 -752.35 -677.02 -777.27
-599.45 -543.64 -353.04 -452.46 -517.13 -498.98 -394.24 -567.02 -533.22 -591.20
-385.60 -340.48 -146.05 -338.95 -341.17 -293.36 -301.50 -400.14 -375.04 -354.17
-219.23 -196.79 24.29 -238.30 -187.05 -155.83 -210.11 -286.33 -229.56 -175.10
-101.37 -58.02 16.28 -73.12 -63.49 -33.56 -69.13 -86.22 -89.28 -69.71
-3.90 -3.97 14.66 -3.39 -3.75 -6.26 -10.70 -4.61 -12.26 -3.27
-25.47 -19.78 0.18 -7.19 -35.82 -36.37 -28.81 -33.08 -15.62 -40.72
-331.25 -168.31 -237.12 -276.83 -335.32 -215.84 -310.06 -357.93 -231.63 -352.26
-655.77 -599.17 -541.39 -673.42 -726.26 -617.66 -576.20 -693.14 -752.64 -716.01
-976.64 -1026.02 -1000.46 -975.02 -1091.62 -1092.01 -962.59 -1085.48 -1011.77 -1173.80
-1110.89 -1148.53 -1248.76 -1108.27 -1252.71 -1262.30 -1114.90 -1223.79 -1074.38 -1411.09
-1038.56 -1070.09 -1227.00 -1037.00 -1124.21 -1138.05 -1005.97 -1181.58 -871.67 -1265.70
-825.28 -829.71 -1011.23 -828.07 -884.28 -872.04 -725.37 -965.63 -798.73 -966.25
-652.70 -683.67 -746.11 -689.20 -663.26 -677.37 -561.74 -757.48 -669.96 -764.12
-498.15 -497.22 -491.05 -498.52 -496.60 -535.69 -410.42 -630.57 -435.15 -576.73
-357.48 -311.77 -252.85 -350.54 -362.74 -319.05 -348.69 -433.96 -292.84 -353.22
-276.75 -232.39 11.86 -268.87 -202.52 -155.24 -267.28 -309.03 -225.43 -237.23
-162.67 -111.19 148.28 -144.50 -103.60 -101.31 -165.05 -199.78 -165.01 -128.57
-41.20 -30.68 30.03 -18.42 -40.78 -24.82 -39.36 -50.10 -51.74 -39.47
-2.61 -2.87 4.82 -2.61 -1.91 -2.37 -3.52 -4.16 -2.84 -2.24
0.00 0.00 0.00 0.00 0.00 0.00 0.00 0.00 0.00 0.00
-89.75 -20.17 -24.82 -52.13 -89.12 -94.10 -63.81 -98.38 -111.63 -82.89
-307.77 -165.28 -264.59 -211.25 -372.64 -302.07 -239.70 -336.17 -331.34 -332.40
-448.44 -429.31 -500.78 -374.80 -482.72 -534.84 -387.86 -508.71 -415.66 -523.10
-505.54 -510.01 -595.73 -564.29 -589.30 -508.25 -546.95 -648.49 -522.58 -551.47
-503.75 -497.22 -574.61 -556.49 -582.31 -561.31 -560.20 -559.86 -626.23 -648.30
-451.86 -374.53 -519.27 -379.89 -495.85 -436.88 -469.70 -501.10 -413.21 -472.88
-245.09 -224.52 -353.12 -212.86 -211.77 -246.22 -163.54 -319.64 -198.79 -262.44
-179.93 -117.61 -190.68 -141.28 -146.49 -162.94 -131.89 -199.86 -32.31 -164.87
-159.37 -82.38 -69.85 -115.52 -93.14 -112.76 -134.32 -134.09 -51.44 -99.40
-100.22 -48.23 -17.68 -53.99 -50.28 -63.76 -72.52 -55.85 -42.61 -72.87
-50.01 -32.21 6.78 -19.05 -38.14 -23.58 -30.53 -46.97 -41.91 -38.40
-5.71 -4.96 11.65 -6.53 -5.21 -7.84 -6.52 -7.59 -4.86 -4.63
0.00 0.00 0.00 0.00 0.00 0.00 0.00 0.00 0.00 0.00
